Thickness L [mm]	Thickness R [mm]	Thickness A [mm]	Wanted thickness [mm]	Thickness deviation [mm]	Thickness L in range? [mm]	Thickness R in range? [mm]	Thickness A in range? [mm]
9.0337	9.0364	9.0350	9.0360	0.2000	1.0000	1.0000	1.0000
9.0339	9.0332	9.0336	9.0360	0.2000	1.0000	1.0000	1.0000
9.0340	9.0364	9.0352	9.0360	0.2000	1.0000	1.0000	1.0000
9.0339	9.0364	9.0352	9.0360	0.2000	1.0000	1.0000	1.0000
9.0338	9.0363	9.0350	9.0360	0.2000	1.0000	1.0000	1.0000
9.0337	9.0363	9.0350	9.0360	0.2000	1.0000	1.0000	1.0000
9.0333	9.0365	9.0349	9.0360	0.2000	1.0000	1.0000	1.0000
9.0336	9.0367	9.0352	9.0360	0.2000	1.0000	1.0000	1.0000
9.0317	9.0335	9.0326	9.0360	0.2000	1.0000	1.0000	1.0000
9.0340	9.0334	9.0337	9.0360	0.2000	1.0000	1.0000	1.0000
9.0338	9.0334	9.0336	9.0360	0.2000	1.0000	1.0000	1.0000
9.0322	9.0334	9.0328	9.0360	0.2000	1.0000	1.0000	1.0000
9.0339	9.0364	9.0351	9.0360	0.2000	1.0000	1.0000	1.0000
9.0337	9.0381	9.0359	9.0360	0.2000	1.0000	1.0000	1.0000
9.0319	9.0333	9.0326	9.0360	0.2000	1.0000	1.0000	1.0000
9.0337	9.0364	9.0350	9.0360	0.2000	1.0000	1.0000	1.0000
9.0315	9.0365	9.0340	9.0360	0.2000	1.0000	1.0000	1.0000
9.0338	9.0352	9.0345	9.0360	0.2000	1.0000	1.0000	1.0000
9.0337	9.0333	9.0335	9.0360	0.2000	1.0000	1.0000	1.0000
9.0338	9.0332	9.0335	9.0360	0.2000	1.0000	1.0000	1.0000
9.0318	9.0381	9.0350	9.0360	0.2000	1.0000	1.0000	1.0000
9.0338	9.0332	9.0335	9.0360	0.2000	1.0000	1.0000	1.0000
9.0341	9.0363	9.0352	9.0360	0.2000	1.0000	1.0000	1.0000
9.0337	9.0331	9.0334	9.0360	0.2000	1.0000	1.0000	1.0000
9.0333	9.0362	9.0347	9.0360	0.2000	1.0000	1.0000	1.0000
9.0335	9.0332	9.0334	9.0360	0.2000	1.0000	1.0000	1.0000
9.0335	9.0332	9.0334	9.0360	0.2000	1.0000	1.0000	1.0000
9.0321	9.0361	9.0341	9.0360	0.2000	1.0000	1.0000	1.0000
9.0335	9.0351	9.0343	9.0360	0.2000	1.0000	1.0000	1.0000
9.0337	9.0350	9.0344	9.0360	0.2000	1.0000	1.0000	1.0000
9.0334	9.0364	9.0349	9.0360	0.2000	1.0000	1.0000	1.0000
9.0337	9.0331	9.0334	9.0360	0.2000	1.0000	1.0000	1.0000
9.0335	9.0379	9.0357	9.0360	0.2000	1.0000	1.0000	1.0000
9.0337	9.0378	9.0358	9.0360	0.2000	1.0000	1.0000	1.0000
9.0365	9.0333	9.0349	9.0360	0.2000	1.0000	1.0000	1.0000
9.0335	9.0332	9.0334	9.0360	0.2000	1.0000	1.0000	1.0000
9.0321	9.0362	9.0342	9.0360	0.2000	1.0000	1.0000	1.0000
9.0334	9.0330	9.0332	9.0360	0.2000	1.0000	1.0000	1.0000
9.0334	9.0361	9.0348	9.0360	0.2000	1.0000	1.0000	1.0000
9.0336	9.0362	9.0349	9.0360	0.2000	1.0000	1.0000	1.0000
9.0317	9.0361	9.0339	9.0360	0.2000	1.0000	1.0000	1.0000
9.0316	9.0380	9.0348	9.0360	0.2000	1.0000	1.0000	1.0000
9.0339	9.0360	9.0349	9.0360	0.2000	1.0000	1.0000	1.0000
9.0319	9.0367	9.0343	9.0360	0.2000	1.0000	1.0000	1.0000
9.0319	9.0358	9.0338	9.0360	0.2000	1.0000	1.0000	1.0000
9.0336	9.0334	9.0335	9.0360	0.2000	1.0000	1.0000	1.0000
9.0334	9.0356	9.0345	9.0360	0.2000	1.0000	1.0000	1.0000
9.0335	9.0349	9.0342	9.0360	0.2000	1.0000	1.0000	1.0000
9.0313	9.0335	9.0324	9.0360	0.2000	1.0000	1.0000	1.0000
9.0315	9.0349	9.0332	9.0360	0.2000	1.0000	1.0000	1.0000
9.0314	9.0351	9.0332	9.0360	0.2000	1.0000	1.0000	1.0000
9.0339	9.0380	9.0360	9.0360	0.2000	1.0000	1.0000	1.0000
9.0337	9.0331	9.0334	9.0360	0.2000	1.0000	1.0000	1.0000
9.0338	9.0332	9.0335	9.0360	0.2000	1.0000	1.0000	1.0000
9.0334	9.0381	9.0357	9.0360	0.2000	1.0000	1.0000	1.0000
9.0334	9.0333	9.0334	9.0360	0.2000	1.0000	1.0000	1.0000
9.0336	9.0359	9.0348	9.0360	0.2000	1.0000	1.0000	1.0000
9.0333	9.0359	9.0346	9.0360	0.2000	1.0000	1.0000	1.0000
9.0335	9.0361	9.0348	9.0360	0.2000	1.0000	1.0000	1.0000
9.0336	9.0362	9.0349	9.0360	0.2000	1.0000	1.0000	1.0000
9.0335	9.0360	9.0348	9.0360	0.2000	1.0000	1.0000	1.0000
9.0336	9.0360	9.0348	9.0360	0.2000	1.0000	1.0000	1.0000
9.0334	9.0328	9.0331	9.0360	0.2000	1.0000	1.0000	1.0000
9.0337	9.0361	9.0349	9.0360	0.2000	1.0000	1.0000	1.0000
9.0335	9.0330	9.0332	9.0360	0.2000	1.0000	1.0000	1.0000
9.0335	9.0331	9.0333	9.0360	0.2000	1.0000	1.0000	1.0000
9.0335	9.0364	9.0349	9.0360	0.2000	1.0000	1.0000	1.0000
9.0331	9.0361	9.0346	9.0360	0.2000	1.0000	1.0000	1.0000
9.0315	9.0362	9.0339	9.0360	0.2000	1.0000	1.0000	1.0000
9.0335	9.0360	9.0348	9.0360	0.2000	1.0000	1.0000	1.0000
9.0335	9.0334	9.0334	9.0360	0.2000	1.0000	1.0000	1.0000
9.0334	9.0333	9.0333	9.0360	0.2000	1.0000	1.0000	1.0000
9.0337	9.0359	9.0348	9.0360	0.2000	1.0000	1.0000	1.0000
9.0334	9.0332	9.0333	9.0360	0.2000	1.0000	1.0000	1.0000
9.0334	9.0332	9.0333	9.0360	0.2000	1.0000	1.0000	1.0000
9.0332	9.0380	9.0356	9.0360	0.2000	1.0000	1.0000	1.0000
9.0335	9.0359	9.0347	9.0360	0.2000	1.0000	1.0000	1.0000
9.0338	9.0363	9.0350	9.0360	0.2000	1.0000	1.0000	1.0000
9.0337	9.0349	9.0343	9.0360	0.2000	1.0000	1.0000	1.0000
9.0310	9.0332	9.0321	9.0360	0.2000	1.0000	1.0000	1.0000
9.0332	9.0330	9.0331	9.0360	0.2000	1.0000	1.0000	1.0000
9.0313	9.0358	9.0336	9.0360	0.2000	1.0000	1.0000	1.0000
9.0331	9.0348	9.0339	9.0360	0.2000	1.0000	1.0000	1.0000
9.0316	9.0331	9.0324	9.0360	0.2000	1.0000	1.0000	1.0000
9.0337	9.0326	9.0331	9.0360	0.2000	1.0000	1.0000	1.0000
9.0335	9.0359	9.0347	9.0360	0.2000	1.0000	1.0000	1.0000
9.0335	9.0330	9.0332	9.0360	0.2000	1.0000	1.0000	1.0000
9.0335	9.0362	9.0348	9.0360	0.2000	1.0000	1.0000	1.0000
9.0337	9.0349	9.0343	9.0360	0.2000	1.0000	1.0000	1.0000
9.0335	9.0359	9.0347	9.0360	0.2000	1.0000	1.0000	1.0000
9.0335	9.0359	9.0347	9.0360	0.2000	1.0000	1.0000	1.0000
9.0316	9.0329	9.0322	9.0360	0.2000	1.0000	1.0000	1.0000
9.0335	9.0327	9.0331	9.0360	0.2000	1.0000	1.0000	1.0000
9.0333	9.0332	9.0332	9.0360	0.2000	1.0000	1.0000	1.0000
9.0335	9.0327	9.0331	9.0360	0.2000	1.0000	1.0000	1.0000
9.0319	9.0331	9.0325	9.0360	0.2000	1.0000	1.0000	1.0000
9.0335	9.0331	9.0333	9.0360	0.2000	1.0000	1.0000	1.0000
9.0363	9.0361	9.0362	9.0360	0.2000	1.0000	1.0000	1.0000
9.0337	9.0333	9.0335	9.0360	0.2000	1.0000	1.0000	1.0000
9.0367	9.0331	9.0349	9.0360	0.2000	1.0000	1.0000	1.0000
