Thickness L [mm]	Thickness R [mm]	Thickness A [mm]	Wanted thickness [mm]	Thickness deviation [mm]	Thickness L in range? [mm]	Thickness R in range? [mm]	Thickness A in range? [mm]
9.0289	9.0303	9.0296	9.0360	0.0100	1.0000	1.0000	1.0000
9.0309	9.0363	9.0336	9.0360	0.0100	1.0000	1.0000	1.0000
9.0311	9.0326	9.0318	9.0360	0.0100	1.0000	1.0000	1.0000
9.0311	9.0336	9.0323	9.0360	0.0100	1.0000	1.0000	1.0000
9.0309	9.0334	9.0322	9.0360	0.0100	1.0000	1.0000	1.0000
9.0312	9.0337	9.0324	9.0360	0.0100	1.0000	1.0000	1.0000
9.0313	9.0305	9.0309	9.0360	0.0100	1.0000	1.0000	1.0000
9.0315	9.0305	9.0310	9.0360	0.0100	1.0000	1.0000	1.0000
9.0312	9.0306	9.0309	9.0360	0.0100	1.0000	1.0000	1.0000
9.0310	9.0304	9.0307	9.0360	0.0100	1.0000	1.0000	1.0000
